$ANSIBLE_VAULT;1.1;AES256
32313432633933336464346461633665326264393731616233376435626166376336373137323666
3364336434393330333533333239343632643633653130380a363034616661333663393033396433
62643065626332396337646133313936373834656264306464633862336565386165323438636136
3534393264663766630a326162376434623065643439393831333731346536303532663264303737
31373262656462363566646565663637383461313761366538323738636564383565613131376161
34636163323532653661623930623765306163396330376464306665646234343334643837386634
37623165323063306139656330386366303031353139646539386666363035366565616135343663
61333462393633306630623230646239613461633936376362616637373866626631313938646636
31386234363138636336303834366138613934393636393139613366323231303534386331633863
36323132303237366432646233363366386232393537323931333734326464623530393261373933
36666532653561366233396361363538623330383435636166383034653033326337663433663063
33613366343461613333363739303537363564383035643861373261366166613762666665336539
62303061353536623830353830363539366635623234666538623163396433653866623431386565
36656132663935386432653562623662313164326135393665623934313562363930346163616238
61353238653232666232316561373939393132633935313465333161363465356537356665306461
31623438343737353463303262656561666435633865633330653565363263653432323532353063
32353362633137636334346632346236313665313336316138626635646335313936316437646166
33666136336666363130643332396535376533623965326234663439366462616239346563653539
36303130626266303831656537333366653934306661373961323864336463313564393664396564
33323433306662363737333834346663353938353633626263323832316336363237616431336330
34653130636261383638623035323461643063646232373832323832313465303334376235396335
30663934636431653761373237376465666261633965663234393834623762373934393332343963
32336433653237323130313634313234333036643232643763393964313836393530376236386265
32303862306235356231613233383837616439303137653733613162343032646331303535383564
34636661336138376239666630346461383235663237303931663664396332373533323264336531
37336566306630613765313837373631353362623236363131663834366562343065353465333036
30336230363066366239656664653732393836363164346462343962393437363332633633316164
37636634653330653534353532666330623231313035306435383633636162653139613365613634
35613265303237306261633133353466633333386264386533353365303361643539373364363039
37346465663437373938666362666333386637313965623632386234303461386561663430646565
39353263613235633530323735313363383635313535303132646431633831376666306361333134
62623065613338633034346336656636613330343333633936633265373831383731346339313435
66396232366663383130373335666432613564386332666435666533653266393761383565396430
39396236653337353366333134393531613330656561333466356433613635323938366634643561
30363235613139396164616662393463393532303264303432363564623036323563383533363638
39383966373362366265303937626131633062333534653131663661656661666133343834643639
64613638373330383035353332666131383738323166643939316637346638373835346232653862
38376634383837636536333266306137326461393236636561313938343639666432653330373532
66636636356364323636316235346133306464613965306635613636623533333062386238663636
30636366663231386531313162356461663535626165353433343466343061363964633236353066
61653763616137323165343737633839313637326261303238613463343165346136366334343331
37343666623235323436646366356237666363353666336638396165393765363434633232636133
35363862346265393939396465633961653539333338373261303536323664616339306161623338
33663165366166303033663638396563663039376137373635643331363037326237623665633836
38353131636162653938626133633333313733653337353339646135613634613663333462373461
33333331343838383139333835383165613665363966373433383937383037353865636332383833
64653437316430373333656166623331303839626636343163343866323337623464613933313039
34383363376464373538663964393932643633393836363934323766616262646237656231333033
38346331636231623930326161633365643031333538636334616665303165323464356537653531
34663533666434616261643732653533613564383235393131653130306366383661613735306363
31323264396261343031363566653566623836383335623065666561633965376164613865383764
37636136623966313535363365633937383336323536343838653938333164303435313132643636
38303464376539633935353438366537393864656265363536626463656639396464396561323237
66353337366462623934346464343433353266643834666266373661656534353038376664396130
66376563343038336564376636653633633539386663663233356635643461333761373934646630
38326539666137663638623631346135333835353733623237376264396339353638616237616339
64313966363766663866363063373339633162616537396334646434663537666237616236353630
63646138353936623066356233626332316133636231393730663330356332396231613264666535
62646336653165373033336665633731356163333537313139613438363434313162353239393730
38373063616430373934376232306531353231643763373039353730636331353939626663343539
30333530643866623966653035626434323130393935363038353738356465346639356165623038
31316563363434303966396631356463623938343539346434663534313963346531363163346264
63366335356431396362343864306232366431303633396364626533653639383963313265393761
33663730303333633163616239313266623536633633346261633432653433316561373932366530
61656465636563623830633930363462373466333463376163346339376331323438623064323132
34663538653866613138653833656362643164353135383637363637373533366636326264663835
64336333626166343134616630313163666633336633646564653234653931343533636664316165
34326137373134316539373237636130616161613730616439383635633036633533396431363639
66353763373635323235633962663636386162343361653364303439396635353631663331363837
30616531323266393232663837376636623034373861633166306663616365366163343539636661
30396333376630396362393838323061663332663663376139373038626661346366633765346563
61303534313664313432656161323733346530386431376563313134373335633237323934643064
30653264663263396466656130653732376165643238666431626139396232633638343565623561
38353431613036323665656230396538643838313762303534356532306131663363306665643034
36386132623634386461643765343637663430313039353362613938323336623937343636363739
33303263656536383261316661373865306237313431636133313062393035386336393534326138
34626130356436653234323462616462316164326664376466643666633633626436306438383935
66656132663135393736303832613263316538323162313365393136666362636263396536306662
38313136336130313366396538633730323334633662333531383561633339383537323965333939
66376536383965373763316365666536343563636336323366376439356664353030353030336264
65306239346163613866666663343335363031343764633665313338363239313366383632633138
65663838383464663235393534306262333965383438643335666262623762376332383863383838
38396430313232633933353436346363326432303433646536306234316262373530376365666430
32386635393563363535626535666164363533353063613234393635343539643731396430656562
66376432613835393434396535616631366338316131633831373033346262396234393465663736
66366565613636383636636664326530396662646633386236366662613061373164303966386230
31366165643132386565373862616336383436656138333461346431323338393233363837373464
33643564333736613739653433663261323164643639613064373939353761343739643566323030
65366561373166656432363462376266396337396262656632383662396333323738383538373136
62616530646261646439393865396534636236613962346330386134306639633065656331386162
35633736393265646662626364353037383764346134343939393239376331636665316439373263
34373735356464306534363062363066303266353133346664346430333335353462653530303735
39326337363133343263663931396565303131383139343935343439386366303936386630636464
32303435353736373965633731363330353862626166353961376665636639356132336538383638
32373038346437363065363130646266323633663365653063346162343332656264316435623464
34363164656238356234653531333765326339363631623231313163396132353263336532653234
61663334373064363839643739333035383363353734303966616431653238623466336265353664
39383237616337666534323331323536316233376131396637663265616334613733316162333335
33653136353935303335613362373939366430653434386633613061393037323162626437303737
30666365653933356637643661313438343261343732666230356462323166356331346138373330
34343663353634386562313334373362333834613035386130623830663666343064363666666564
37636633313365643336393764306664313237353332653364616337366234313235303736326532
62383233663430336431616163346435643939323737356266613738323238386163616635363535
65353831363665646633303635643432393136643635346437323461656131396266613164396235
38616539336663393131353937666266316633393261653665373831313239326136303465316563
35653663366231646231323337336563313832386462326164363934663763666565346436626238
36383534336165663635323337633933396532613834393534623730383934633461646537336635
66633139623634306231303562663330363832383137336361326162326330326463323639356466
32363138373837613964343561633561326335386438313239613834623038373238663836313261
31316161643933356264306234373237316561373437313836383564376434373631366635306666
38643232393933393032643639643864343635366536316135363231663033626339626130396362
30663033663962643633653961323137383931386437313737363666643061613635636634333139
36343036323262396163663934396366613263363334343631663334643161663136346337623531
64656464323230386639626330303664393062373965663033653639636438623636373738353532
37363664353266363435343864306330323163326561643736343263303930636366373261323965
32623162643232633464326238643834303033336531363661363334653033646231373836663832
61663066343166386364313731636465373136646362626338313037323436333231303966653463
63633035353437393264306634343039653031343062656365633361383133633938316164623264
35363032326234626639663436393031656236333266383434363866373636633761376238623664
31656237346436643436373031313635353436653062613839643965353437316438643337393936
37353039356538333336363161356432313065393263616132363030666137326332326533663236
34656230356233666464643637663062383964623537303432353532346366656262393533633034
35386166623061393539663036393661343031623339353236316233323434313335666561396364
32663362343937363732626539366631393233656535643139613437346265623635386662363430
33636264666436616264626430643935623938343235613932313261656363316435393363393863
30653530356332356263316366623535643532363933613163313762666365333434363831363361
33633066626564356562313262623537306637623038656161396266343138393631653364356233
37643636366239386631383436613762636431613330316334653035373433306235613365306563
62383164626266336164386537353030653438313465373865323362346238366266326134313930
66613638366439636535323439613034336666313135653861333232383633303731623336323063
36313036643935613132306266313963393230616439623162633765643035626334306564613032
65356533626131373332323734323662623064616135663761623431373362656166386430346337
65326536333933386665393133303635623033666361383064613033316464336330613664316665
36393962393337633564663461626432343435343561306637613630653730613936656561316533
32393139393061313337333931616130633632303033373966643738666335653561393830656632
65653135323935346631363233383331386436623563386562323536376530633639633266643566
34386166343033646563616136396530393531373465326335396161363838343535383734626464
30303566626231613635353863623566643637303635306538613366303638633232343166393831
38663165623663343632303738343262346265633339396431633833336639383361356332383666
36626637653534313630363731636564396439633633613133636638643438623462396632386666
30373532613565376530643735633231393565656435653130643863616230623566316538343732
62666335383937323636383566616438663164333365646465363762316461656639333035363336
66373237356162643065386637393436393261316630356362636331343933613461336131313532
31326334656666663264636665383733393865323234393938316264663264646430353231663365
66313566633631373861393539326637626461383861333236633063313961336561623535393730
35623437616466656163623464623864626664613763396665323237346434643832653666343862
39613163326238643333636164363037383334633134373538373263313562626436313066353235
61316537336439343130383563353339376434326631643338333531653635666631623238383733
63306530653132313863396535666531356565623339356437666539396264326436623132396636
36653339383839663465333234363039363862633561383936623266633931616464396138313933
39373339303764303266303365643261393062333061646238613235383937396563386536636663
37326631303661656334376663653163383062343936353333663565356363356266326462393765
38343536663562343561663536616437386461633165393538336330616532353336323936636233
33303135343433346164346363373337363533666236303866306639336164323761356266386164
62653065346261373436376435346439373864353532326136663035613264323833393934643563
30656530373336396231646365373030393364656232373066313962663061383364326634633632
36336365313133383531373462626437616135373664376163343738346661393662623161666338
37623134653533323661333962356166333661396265313131376137643163613238666265343363
39396265323562393335666166346439303835383139326530303564353333653736626134643135
34353739653865353365623763303865623831336637356430643335323130303666393366343462
33613831633336323338613532326666616532626564616335393437616535343438383730633434
30336338313037353031636532303335386361313033346137633262633430373230646337313330
36343263616261623263323339613861653039623864623665323266376465306132323764373536
33373665646562666433343339393564663962623134646535373166653931303139333130356663
39643738313465666630316463326638333635643939363835376636353765363064396630633364
66396562616333386364386566353962333630316365613963316330316461663938636336616437
34313838373832643736656134393662643937626461653363623462643132366436373566663266
33373161393961656430306164643534373434613037303439386162613063626330616637356538
30386266336165346132316332353034623064653733353665323134623666356664656631346438
39666266613434323235333961326361393064656439336131666430613234303533666335633162
36333437666464383638623036343139643766356462333937363539386239363135653166373436
39313666623431326166323061656338336237633463393964356263623533633862656136343066
34616435303739613231343532393638623961303163633635633063323164333230656162666362
31643239313237663832366637636436663765633065646335383135643133343536353438363062
63633538356533663334653333656165343637346166356361313061383130306636326435333537
33343662396466353732323635323238656337653462313336323632636630666133323333663561
66383162363763663665383465326139626564636332366333306535323466366537356163343264
37646539636464323064613330366238656632343030663231313137653662326433396262643662
61356531643731613966373364353131343336663561623465353665346332393565616531383836
37313330343064356539366434313136633563386561316137303862346230663461366165666233
35643633626165623061663164383362353365373036313966353263353761613963643032646662
62383464326139303437393735616664323464373339383566383938623637653630616463373731
61616665616665636164396238636664306537613832633163353862656361376532656536383031
64373838643638633433393030383962366164323363323739303937383735366565376230643130
33626231643337646635313161316237393438613335306263626336633465383737343435653132
34333066353963373035313866396664373163643039333363646666303435613037373866333734
32373632316163626236663834643037373932333865613531613738343763643130633739396563
36333563636138376631653266343335326562633665636461613465643330396632303639393132
62656464333533353165346664663866313065343865303030363365653739623638363336343532
33343435613031643133623736323930303736633364313036343531343430303835346331326634
38373364303431626438653136343536636638326334623831336431613533333130333537666133
63626362373163333466663565343935323062316138323336313736626163616361663565623731
31333334643135646364353732663234323935336165326263393964353638303638386139643931
38396263613137316364636336613834303564306238376239616333643230316166306261623665
33303935626466363537373566663465313234623631353438326530373837343663633635623230
61303232333437623562613864653966326139343263656230376263613063346137396634313838
31393761633765343233643966636532366130313239353830353262336336666663656639366634
38653835613431633836383166336336613631396265653061343638616634663036373836393331
34616332626464383962333438376264653137653539636639353231653732366161373534613566
39366130366334396161626233316439363435383831663331393136613062326339313866643038
35633531646261663737626238326331666131373461333130353365626236383130306634316434
63323435643635363837616234383038316536633832386338653537323866323731643537666161
35633464656535303532323237343535623065643932356537316130373263366265353938383265
31383430663661323330623362303064313636616531363933323764383637323139333934636465
64623563626130353432376136633862643038633261333731613334333663306337376363643333
35306365636566643139656533633736666366323433363039383265383933353964366265336362
32383936653034303162356366636263333231393238383735663230353735376336346430366165
31316634613232656237356165303136666630333862353932376166643165663338373864326132
37336138373531333664383939363162393535356539633435633138333939353437666633613234
33616533633931323538613136376534313734313161346539383038613738356465306236613964
30613939656466323338303731373939316431346162613831313931633938356135356531366363
36346631306631643034663665646638356561643531356330386161623933633664646561666462
63333531363161653838323237323865323466396130376233306163396138356335313361643539
34653761636132656236393763363865623533616437343436353238663436643131613461386534
31306633396432326566333532393666636266386139663566326561303562643762303265326161
33656630346264636337366464373861393264616436393432303539383036656237306261306132
39366436656230376165343439323934376566666161363339383533323833626439336565653737
33616431393962316264383566303035643239626564306139303633376239316531316464303038
66393362396632383362633262306563613531346163316337623631323832646265633630653238
36316237333436616237656638656264303438363539633631323865306263666135613439393734
66643331633238336639366464353238373663646262396363323165636632643863373531646535
61316134663863666239323564636539616565626134623238366162373065333065343434623633
30663333323233376534393465626466353463646362656164373239613761313639316532353936
63333864663636306235636262333465366238393233306635636137386432313665353264343237
33666238383136356639636430646337356139613861353963653665636331646332376534366539
31633137653266326463666239363036623061626463636165393633346438303437623839363337
37626263343334613965613163656233373963386262356438613131313638633635646631656435
65663835303064346333363433306435316364653139366661356331623036336334613330613733
65626330656164616332366562626235326638346661323030323666666436353937313139333033
35623630366534626436653239666161393533356562623335666134666666653262396434393864
62633366326261633831353431613235666231313264386339303736323034326431656634393263
64353263616439316265356435383663313933333862383732326362643236646461383562363832
36336362663038653734663037626664313361646639656334323231623465363866326261653565
62333630613362316439303135626435636232326236663461336236383436633734353931343435
66396538613562616536633837303261343866666338383732386139623732383631633638376234
33333434323739346531353836396461363739393661356131346537333636393035643262316231
33646364306461366331333764346465333330653531323435643736356439623532653830363037
63613361393932346630373939616637623632333736383136663334616561626335376261663939
64303139313432643333336162343532353762323662656531663763653137383164386563303939
37323430663438623761636665643233363363616565343065366665323863646462396536653034
66356564313166653636393036373262343864666633663966346135356634663834333064313564
64376131386461616165333464376461643935616339393039646134386263666162303839306264
39383733656162663830306239386661386239396265633864386137363838353363666631336462
61653063396131333536343836623137323032623838613932343861356166646138386634633439
35636239636533663765376165363839393334313138353665306230616334363066316361613636
66656330336434393962366531333238656266666664326436666265313238366238616635343738
37336666663230636233323836643533363137343162353865623165613333663739393434303936
37313537346263643564633033653635303166353566326234656237613335386264653633376433
65386530616639343666623837336337613562383164646266643230383037343736323566636164
64646663393530383431653934363161393030343830623335333161396663306166313162366137
61326636333363306433393763303135313261373664663665363436616638623639306638646265
36626333356662346430663565363933656165633736326138626637306336626265323564653965
65383130383939646463303962616561636365616632393865646530656436626434353631613764
39346237663365626231643237336664353332326335653437616534633734333235666235653134
31383237316435633437306366396133623366643762633238326538356233323565633433633135
64373139613562356262303937396166656162346438386666396434663333303863643235323165
66653232316635363064303631613432343366366538613735353731653065333866653436313066
39626661656461336338616465346464333336396134363938353238663833616261623736613964
32653633633233616338656632663638333663396239633061366661366263626362326638656564
38396132376264313537373036336436326138333438313161663137313963343031633965663932
34643338396334626631653034663732366434356664633263323065373662633837653166633431
39356661663030323938323336396432656138663639666538393639343938666166326264303365
65303731666561356239613563306564333561346438313630663461356539343931386335333830
33616561653364373264363333373039646634353337363466376364623136363831323236393434
35303566326636346362363131333562623432356636353238373465336231623563313133393064
65626166616236323932306632356463663737373438383738343337643036633434623465303231
36633062643863323834313933333565313465336566316462326333613032346637356131613636
32383534633637356534313833623535343736393162666466306330623365336263396333383663
66333032366438633235343332623435666231646262373533366166303862643163313438623965
63633539303333373332623038326230643564373238386662316363396230303537373338373861
62653637306364386337333262393330623339613964363263663335316239663634623735326138
63613366376364313662626666353565386261303763656661313238666439376534336338323939
31633330353535643736353566663337303362653236373761626130633632356537316363633833
66633438303931366434353563366336383464303730613062366431323235633166333839613233
61336638396663383335363433633930323664663661353630356638633833363466393730633630
38316337343531313233623563383765326264336130623239393135613238646532653335376635
65656137623038616262616130396235616238653730623965323530303962326634663636343262
34616365396261626464636463383662396666366432396366373730666636313035636465613665
66333161363732386462646465373737356332393433383639346265653561306330653838393431
34643939626166323135373530313634333237323233666435663961393135343632386465303364
37393165323361303262396233303830386665333332613730653965306637623061356363396331
36323864646231613936613730623130626331366165343732663664653930383031623465663161
66336535613263366462613538383132303036383161626432656130383630343066353761663631
31373337316464326665343830333931383961653037303634386561613235626236356133363036
64366136363733613633656432383630336565666334356637393339313439363235636465353162
64393738313032353739303135386365613765623262393066336130323063663464633166333165
37313832363761306336623837353165646632653834303433346263643265376539653162663733
66373966663931633833656437356135663461626430303738326139336539353366316331636233
63613731396136346462333761666137353964653966613939333463323939663238323431396266
39333333343532633339333133363536393033393233613637363337643234633662653766356131
35316666323361343063366639373864653431646633373335393136393335353234613139633264
36333232353862666639646534313462376438323735636436373136306339303030353161313465
32393265653133646566333530316661316663353164636133326335303333663735643365393337
65366434626436663366353838383933393661383436316238623637623732356663333537646432
36313537623030393762643538323035396465656235326166646261613634373165326636363361
61623763613436353038633338306630663435613338306562376564313135366439366662633232
39373035383763653861313763663661313438353030363337393663643339313465393838353235
37303963636665666565333738393861633464623365306561366430646161346330383262303662
61393239376234313861646165653036666466383237393761323631656362646131623034623537
34323939383631366436653037663936643030306133633333613238346531346332623261316431
66616632396663316161306434626230613235643937346432333435366637623964666630376332
33393938373533333035623231653036616535333333383365643039313133656563353630646565
35323438316437383866303134376534353733393638653530666337356536643531623064613439
65316461386661386261396561616237653239663638663864393664626430346533346139383831
64343264316330646432643334643130663338386663333034333835623663633463393134363630
34393430363639373162396438623333376638393434336532623766623266363332656339323934
31316262656263656235316261636232636466653838326639343837616636393562393539373639
32626238653865383537343039343362653231663338336135653035663034396239323730616362
62343763356634353065636237333535323332616231646134336232366331336362373262343731
65653838353266383061663534663134306565343637663666626563316437303233313330386134
33623563353861373063623665343833666234323964656231613332353832386165636433376530
66363832313635363964623466353832633035376366666664316662346663653761303831326163
63373431313434663061333239383064313530636138396231343261643664356236383065356239
66616562333066356138313634383631323031323062626439366339316564383037663162643733
63333239343362646166353539336464313463396539613630333631313535626566653230643039
62663165663831663733353264323038316166336130633632343534623332643739306265336562
62316466303833656136393838613139663130396561306137343434666163633534616437376130
34303961323365663537636464383238633339393564656137373934323439376666623139326535
31383562393065353937373839656539623162633031356338336238663764333066316137373366
65643231353361636231646638323065623862373834316637336534356535373730633835643865
63366436326239373534343135323937383431393039646438313762333664373037663836326230
35626335613364383432396234663737333636633431333431316563636231633232343032393635
30366133326538336465663730656230653237373536343534393832333562313839663164336130
31613965343165353936653062623632653266376130363566376663623935616130383036666630
65653865636234666137613464633833343066646461323035616330663061333936666532623464
37386161386530393638356531633162336537323264623939646437343764636231303132393561
63366435633738333165333931376134303736313630373031306232663836613262363064616437
34363364303734663036323538323964633362343662313938343033393132363131636630643039
62373262346562613964656634363063343035326332636333666336366265393336313739333035
33346637643832613333653833353634653465343034393831623631363365613831363666393031
35623764643763393830613830326435633861306433333930323433393663633563633362663939
32343133643532316433623735316236633766303562323761326561353635376139666132363665
65643036303630386632633264623537333964643135366535643934656261663437373832613932
61336466356630386136303864393336313765353536306161653931323164613531383463383264
33366332343732636164353964383466336165356238343733626462613635303362333132306163
37623464396635353961663635666263613730663464646232373664346636323434303464633162
63346664633365613661653535643330363830333231633263323732636563373661373862623866
36666136643665373735613463623437333134353838653439613465396531396565316161393730
65643536633536636238303632643665646532613739323438356563333230613666343734346636
65306434643039643131633531366664316139363936333836616466393132303536376634343465
33323238373437333134343238373731656534333565633030373231333930393936303665303765
31366530363330633233396662333162663262376436643162636662643136393534343663353035
63633561653763333364306265333334663662363739626662323439363861306236396237343637
65363037356538393430656436376236313031323037373632653838643932366564613365303363
35626138636431343562633363363331303466386363366433393464356535323430393930353763
31326131623663633731666539383631633639616232663563386264333163333631393339323862
30343931623036306633373466393730643535643635623936623462613537646635343162396531
33366533626262393034303264633837623265343766653037626436393661623937646236366330
64636130323331623835616639323836323839343035663531616365616438313736326461323362
37393130663366393430626639306331633839356633383264323337633539653233623435623664
66363835633532383639616562383264633132303831643135353635656662623834636435653034
31383537623664653034383033663739303564636535353561396362633963343339616263343137
66623864363566616566306162636166633463396438613839663037656163633334613961353338
36323264643438646463636161643162613466333939336264653566386231623838306165313061
62616331346135353737313465383732303336656266626166653330303866663561313737653539
33316130373162666231316439373332653362376637353332626461663630616337663636663436
33653661366130306633313661363038646662613033343962313762396361376334383536663833
35356633616636656238653432386663303233396230303735393530623139643265373132303161
38363930646431623332356232333762303764376231343238333265356233313133353566316432
38336637323265313961643434313561353438343134356261613334663866356363373134343534
35316334663661343130376135656364326165336338386661643437376231326264653761623639
31323432316438353830366663306263313963636235313132636430623837373736646464346432
61366131326437613838383238656132313764316538303935386330376666333864643564333061
61616135623864386638306134643264326662313061643438326336343665336631613030396530
35353639383764353264663966623436393532333830643837623935623738356564393361396533
32363236333031343938383165376136626661626334306134613638336535396565356563633537
32643862313237353534353334303137366566323433626161383732633533373636336234613633
64656437386633373530366161643863643631353535366161643964663631393764353366323662
31646233366438363462616364653531383266343436653965623236653734313163346161656366
63306534626461303364656435633336323361393665363233353662656235323630326661313536
63643663346137616632316633613735643330613265646130393763376330333534346638306634
36396531333462373363303839336335643639313566663937393236626662316566643566626537
31333665363837316139346238353761333965396537393461376231623432336135656165303161
64313337316566396533643138623061353032306438643939383233643261303138363434303534
30356363646138373661633437346436376633396531623461303264633831656461376337643636
31653031633063353937646130633132326666663532316633386265646639363136313935353735
66366436353633306336356435616534373238343431343134383965653239303834363861326130
39383536323565356264313032623062343462303935333135313234373738336537336434643435
62363135663733633937663033363633373034616430393035623439656261653361356539376230
32326236396137613566613566383631326333316336616136653032653562633665343039333835
33363432643761396435646339323564396439333639333338633061323636343034353031656239
38376136643635346437336632626661656232636438396133396632326436643535363937623631
33386165623664363533333464393436323033343861396630336531313163613237633639643731
63646130613664393536643565643938326339376261313537336635303137613831333137386361
62383139393932663563306164373761666565313838376332343039343131633238663439306265
61626238353432353437666361343864303833303161353363363130613930613664383262653434
39303130396566623138333766346165346438306262336338393330646131376331623437336139
39383732653230633236353264336232343330303838323163623135633265623336633430323430
64383039653136616663366531623263353137336362376163616564633639303935626632646137
31323739313930346133353130366631353731313133633962613634326231373161383739373335
63616332386632336433393462373339336334373830373866393964646663353237303365306566
39656134363965626165313732343265656137353565333361636437343265346134656361636431
39653937636237386630373639636137323637356266383561616163306437386335316362666161
65383431343636393339623032316265646330363039343438613564376464613762373865376432
37326135653739316234316430613561343761626530623164366365663137643933396434343833
39366634326237343131666135653663303135663037316437373736333930326462636334313566
34323337623839366437313431356466356230326266613338613730353931633664316634333836
64316439363530366137643332623432373134623839396633316366336431636339366630353039
31343734386634626564323432656531643533396664373064383663396437393339623265303561
31643865383364626538356565646139333363313432366262353563333066636339383336353932
31303035336161636664306234353035343863326166363836336435653366646535353064616432
37646638313733386439373261393064666533663261306165343832373734386538393037303934
36373463393635383537383461643964383938646261356232613266393534663364363066343032
32653639656362393263646532393534626338363933333039623864353539323631353361383162
36393232346231336564393831333235653366383265353939373365343662333136633161363836
36343435636262316265626466313666396135333138316232353863306137366465626633396539
33383835626538353836616566326262373639366161336238303366663437376637356361323863
64383737643366373535633834313736663831623432336536333038396361646537653762343732
37326532323861313434383039333634613737663734623239326335323338646338613364666534
62373733323732633966336163386237376566306264613432323166633232313032623339643065
39373034393137643533333862363963303033326231646666396339623532616333343161323437
35616337313161643363643533396266336162613134346234356332656233636436316335633432
31623138366134663836623731656239616464316162343336646436623531393163333439643430
62303935356232376364313737323965383936646534366436383531306630373931326533666539
35633662376631366666343636313339633634343930313637656436633432393034386366343861
38653732313766663363393565373230303738633663336465333134656331323830623834343135
63336638373664636261353334363439333832343064376534616636623231613863633963376432
30306636303831366138383330656566653635646132323734353439626334623962306532626664
34396238333566623338323430383735343266363164393137376137633536306435303137616531
39326161653865313239396234333364366663373635383863313963646235373236306538343633
66363162613835643162393738343138633065363264363930303661336233333935313837383130
34343432303333313931326164386132363139653434643630313736353462326661343165656466
66633534343564366334303231333434363635313161646362623564393136386438323335633065
63396435313033393739613639383133316362313363386339656265383266396664313465313831
30306263653734613233343136306363353338623637336365653162343436303833643735656237
65393166363064663966393163623135366362666465383733303932633532663166326337313336
65626536663334613736363031316265346336343739636331363436646164336164373162636266
32616239343837646261396264306464616366383862623465613535663533396330306565656663
66343932666163353663356238366331366538306538653738626262393633313536313563613435
61386265656461353135363234346230343464343930376533336431643062383932393761633932
34383930333166613537343336383833353864393262353363333834663966333361666564643238
65333730653765646165383632326233313438303739336237663633326563636464653935613939
62303761323537636439633464326131316131623136666131646335643835343032316432656466
61386330393036646430323032333264363061373931616234346565353330383535613130646332
35623837656132303461656532373230303639333162636339393934333432616162313462343839
64663136646461643635666465336632363765636132633136306664323632323836366333323463
62616363613564363136393063303565653837353962653030366561613563363763313334386638
38626662623935353461396565656533353735396464363431656532653064396137653332363134
36376436306464646234626537356436666463366135643132373962616330663836336431633032
38613639303335663239353266373363373731646138386165313536663834306465393963393533
61623966363565633537326337333366633632356365633333373239393131653537303834383339
36663034323637353233373935356537663965396565383163366435353733643561326435333631
35393166616330633530343661393435393964613062303737393130333637303330666332396431
63643732636131613464303332363339353261633832666361373264656263653563626639313938
65613065653833623437656331616465393438666133326333393139333636323530313530396535
37303464376163376633663239643536333661376465386465363330653630303732393831336535
62303233646235326361353734636265616463613462323930346265346637323538626466363435
61613465333865633931666561373232616231306465336266373432633830636231373561313931
61376630396433633930643731653337343031613432313839343365626436336366373765366636
37303964623064316232653834333431643337643833396336366433326163653862663965613534
36636435356333333633626132636236393332623736316564666463623237373935633639326162
63383939303032383437646537326131393633643861323330613235653330623664613361663139
39393835303432303738306463623931666164366136396536613837326539393961333161613666
37633661303664343830653565336435663334383939366135396535343663316666373637343038
31666562343465626631323136323261653964386638663436346630343265343934636335663235
62663234386639343630386239653735343139313735363461623065393539393233306262376634
39656435653966383262366164613664616139623662393661656435666363393633383564396161
62323035646364376337643032396137303539646230316138303430386333343064376466386131
64343165353032646163643935353439613232316363666133316136633462313664636531613039
35393662666531323035376165636137326133363938623237353136613135383538313130393762
33616566646339366166653038636333656262643764623966353461323339633837663763303333
38383930383438373431323665316231333235326163646339363039333235643431393039363466
64656134393032343861383161316239656165346539353933336636393861626331343039323430
31373030353238626232376561333738663835316261303365343832643630343664373036633061
37383432323135373362313464656365653038353435316164376266373561323734663139636633
39663036383365343030376438383036333634613839653932313836633663306262636439303063
35326132336634646134373564643130323637363166313462393865326639353938643230623531
65366231623133306265383537336231363930313139383937356539633436323231376233643936
36623230653062393064313631373838323038343761323737393564636532366133343566643962
30356338353562376238333033316665613561636165373330356430646439356433383235616238
39363133323666313038643335663365303430363166646435376335633634643734306231393761
39343337633563343462376239343933363630383465616266353736653966386465323262373662
32613063646233616337633663623032346266636533613830346161663661333736383934663736
65343265666166386265383165646239366136326430303431626138376232613366393861656334
63393264646335653236313839623061643338363866633637383136376236653363386563323366
61663039643238383861373665303135363034323530313239633436616132393332623130376234
39623766623336386139333563643066666539366365633963356636663734613137663336326264
64623137626361333537623239343234393066643533343539383134346439623636366636656564
30323262636562356366346233393230646438383436386232316639313933383766623430623138
31343738363466316335663839363734383638616530643537656562356366613030323263363136
64633865666266636230306162353165373635343963353131646434306163656534653663643862
30373931613465376632343538343261373939613539383730343933373439393333643066626365
37376431666239323338356466336262306431616362623730643537663737373064663061316433
34366530306261366666303235323165656336623437643364646362393333323438353131666437
64316661616264646564393430376435386137353636396235616531666161643935663739376138
64636161613736623131623363623534343066373232633138656565356262363539666438623566
63303963383634653465623934656539646338336366623239356337323339646533613266306466
61313066666436316561623466366131323261653530613566366439393061646261643034393464
34646534313138646461396231643831306237623539633435623565646161373236343366393832
33363537613163333435386135643534666638346166396332393061636361346633306232313466
62373364663061306666333939313335613639336533656463613830633061346162653739383338
33303133333364663564373233313664333164346233393835386230393033343134646337386563
30303434633339616330653061626532643762613939313235356534626163633263313662653864
38343933353765366362623630373837646636313739363137396438396339353236373931663838
39323536323261366339353539323065373061336232366264313432363438316633313031666365
61373262393537663662353038333634623634626665623432633862643065356535303366303835
65323562623433353932613566626366343565613763316435373438353962616238613363313730
36343135356662323863393563653730343330306162383538633639393661633136333632626232
39623963373463653838333461633064616330336166353238383230656366366665656430623030
39383961653739373435633930623539393663363535393336346162313865376637636566626230
31633037333663343937346539383435336535353730313435323435623332306363373436366666
32373832313362376437656133333332396432343734653737343764643563383035656232613634
65343032323233353561303731353030666639376538336333393838613966313533356639333738
34396631656331623562656530363530346461623361346263646362326164623032633630643665
65663936353766386233623266626464633961346630633466386538663464656635393632386665
34633033396366373931313961363730313534666464636631666333306161333931663737656461
39336661363830383538643763636162326537666331633630316231313761613339356466366239
65663734643561393063383032366531393663333433373931633737343838366363333235643639
35333062643833313639663633373935343766633536363931373131616263386135626234323361
35313962353934613666316663613038323335376435396162663334313431363937346337303663
39333933313337396661663763306661386134643061316663653765316538313965623135623662
36653239393036393537633233653339333030343634623261646263376565633166306238306237
39376538663737353232643533356631313265613862616131623535303234376533333234303063
35376431653065626564636437643862393132643733343032623862643266373562626261623339
66356462666636353338386633306236653930663462653063656130663435643365343435666437
37626436396531303834646430353137663161343837313239383131326637363038313439613362
31346532376538393033643838356435303537353236333836623333633434656264316531613734
66376530326663666232656532623736316566353231666165376561663833653838336462346331
34393165636461613264353932313435333035623131336537643230666135356533306635656634
35303562626562393533613765643362393932316666383439653735306637643338383630306434
34346165623738393730353135636664393735393664623663396566393837653063633064653466
35323931363533366562363033326239323330633135376639646436383865636239353137316662
31346330613464653361626332313237383663626232353835343965613930663430616434666561
63366164396537393936626631653431366462363162396261323436653836313366616336303432
37393533306135613033643566663934613665383836343831326362643563326639626338636364
64616165346332613730303530623361366630633533363738653566666536393665363836346532
37303239656236386138326561306536666463363265386139616533666566663535346165306262
39643730363839643232356661326333333530643265326161343462313935633230346539633538
36323065363635303239343465353737663939333761333864333533633662373363343364633538
37373937313064663030396234623834666130366332626633306133656232303165383338633138
39336561393137356162616638306333343535663531363731653963633137653530336139393238
31626337623935393262316264323930376161386663343030383839646365613037666631613936
63623962626665393765633964613165613865386331333661633634633664306466616437613735
64643335373036373639386432303639343438313431663961353136356331316536656362616463
33386164343639663531396266633537323539383034646432656330313535633033313939656234
63643731313766313730396238663534343631336132306430363539646561656461393630373039
38646133373737333364396534356465356331393132383438636633613737663864613264633561
37623766343139663066613462646337336263663666356564626465393963326233616131646164
38653233386262636565343063316238333135306136613230663337356565336230313339653734
63363563303332336162393064343662373063303963643164386262656137386263653837613430
31343836336530363661383733386532353061303832663633343866363933646665346437353364
35613639346335353766373337316138393539656535363463323939333830613165656463313031
61383535653936656164363831633530316561663263306630636262663237333763386265363838
38646566663535653035386133343733613439306530363132373731383933343738386638333736
37393432313233633631343265313039613331343632353634643363653735633462373038646162
35333831616333633938623235373231393361323461663830393963353237636564376636316331
31303864303430653536633239373838643664646230306334666339613237393261396366653962
64303436396365383863643432363666356465663232336165623864346665316133383735363736
3933
